Timer:  04d:10h:54m:07s 
Iterations:  4147 
Average overall:  152.16903785869303
Average after reached 750:  498.7512315270936 
Max:  5087
